   1.7508785e-01   1.0883736e+00  -6.7263183e-01  -1.4075694e+00  -1.4143953e+00   9.0771442e-01  -7.5926747e-01  -7.6561454e-01
   2.2943330e-01   5.0055229e-01  -9.0236482e-01  -1.9061308e+00  -3.0281131e-01   2.3696020e+00  -5.9516985e-01  -1.0635518e-01
  -1.2408886e+00   2.7717897e+00  -1.5479834e-01  -6.5293028e-02  -5.6957388e-01   5.1976803e-01   8.1239961e-01   3.3876937e-01
   7.0000396e-01  -1.6030918e-01   9.4724234e-01   6.7214882e-01  -1.2149480e-01   4.1052508e-01   6.9540829e-02   1.0334614e+00
   4.2687685e-01   4.2948853e-01   1.5503751e+00   2.0614694e-01  -3.9017065e-01   1.0525851e+00  -1.8336871e+00  -1.4048225e+00
   1.4548035e+00  -1.9668175e+00   4.2903995e-01  -8.1241728e-03  -8.4428710e-01   4.2878377e-01   1.8273628e+00  -1.0305701e+00
  -5.1018619e-01  -5.4601861e-01  -5.6079457e-01   2.0041776e-02  -1.7377568e+00   1.2950877e+00   6.5407510e-01  -6.4337203e-01
  -6.6566650e-03  -1.8883947e+00   1.7930426e-01  -5.5844661e-01  -4.4952024e-01  -1.8605268e-01  -1.5447693e+00   1.7078663e-01
  -5.2549616e-01  -1.0795249e-01  -7.7150889e-01   1.8860791e+00  -1.5479330e+00   1.3073343e-01  -3.7510895e-01   1.3448392e+00
   7.1769807e-01  -1.3161439e+00  -9.4338985e-01  -2.1997506e-01  -9.5776238e-02  -6.5762695e-01   2.0768831e-01   1.9362731e+00
