  -1.8670858e-01   2.9441082e-01  -3.9988558e-01  -1.6040856e+00  -1.0106337e+00   4.3191842e-05   5.6890021e-01   6.2323385e-01
   7.2579055e-01  -1.3361819e+00   6.8999738e-01   2.5730423e-01   6.1446305e-01  -3.1785945e-01  -2.5564542e-01   7.9904862e-01
  -5.8831654e-01   7.1432455e-01   8.1562229e-01  -1.0564729e+00   5.0774079e-01   1.0950037e+00  -3.7746896e-01   9.4088994e-01
   2.1831858e+00   1.6235621e+00   7.1190832e-01   1.4151415e+00   1.6924299e+00  -1.8739903e+00  -2.9588711e-01  -9.9209174e-01
  -1.3639588e-01  -6.9177570e-01   1.2902498e+00  -8.0509040e-01   5.9128259e-01   4.2818327e-01  -1.4751345e+00   2.1203515e-01
   1.1393131e-01   8.5799667e-01   6.6860051e-01   5.2874301e-01  -6.4359520e-01   8.9563847e-01  -2.3400405e-01   2.3788207e-01
   1.0667682e+00   1.2540014e+00   1.1908381e+00   2.1932067e-01   3.8033725e-01   7.3095734e-01   1.1844484e-01  -1.0077634e+00
   5.9281461e-02  -1.5937296e+00  -1.2024571e+00  -9.2190162e-01  -1.0091155e+00   5.7785735e-01   3.1480904e-01  -7.4204475e-01
  -9.5648405e-02  -1.4409644e+00  -1.9789558e-02  -2.1706745e+00  -1.9510670e-02   4.0314032e-02   1.4435082e+00   1.0822950e+00
  -8.3234946e-01   5.7114762e-01  -1.5671730e-01  -5.9187825e-02  -4.8220789e-02   6.7708919e-01  -3.5097474e-01  -1.3149970e-01
